[HEADER]
VERSION=2

[BASIC]
WHEELBASE=3.405
CG_LOCATION=0.427

[ARB]
FRONT=5000
REAR=5000

[FRONT]
TYPE=DWB
BASEY=0.0
TRACK=1.7
ROD_LENGTH=0.3
HUB_MASS=40
RIM_OFFSET=0.0
WBCAR_TOP_FRONT=0.4803829,0.0903182,0.1075
WBCAR_TOP_REAR=0.475786,0.1438586,-0.1335
WBCAR_BOTTOM_FRONT=0.6454965,-0.07853206,0.01346052
WBCAR_BOTTOM_REAR=0.6541097,-0.09932844,-0.37023
WBTYRE_TOP=0.09532,0.1704422,-0.0262106
WBTYRE_BOTTOM=0.0638,-0.0977,0.0102
WBCAR_STEER=0.6426015,-0.06395953,0.01114642
WBTYRE_STEER=0.06604227,-0.0977,0.12715
TOE_OUT=0.003
STATIC_CAMBER=-2.0
SPRING_RATE=5000
PROGRESSIVE_SPRING_RATE=0
BUMP_STOP_RATE=200000
BUMPSTOP_UP=0.1
BUMPSTOP_DN=0.2
PACKER_RANGE=0.25
DAMP_BUMP=4500
DAMP_FAST_BUMP=6000
DAMP_FAST_BUMPTHRESHOLD=0.4
DAMP_REBOUND=8500
DAMP_FAST_REBOUND=4000
DAMP_FAST_REBOUNDTHRESHOLD=0.4

[REAR]
TYPE=DWB
BASEY=0.0
TRACK=1.82
ROD_LENGTH=0.30
HUB_MASS=50
RIM_OFFSET=0.0
WBCAR_TOP_FRONT=0.3999392,0.1035234,0.14025
WBCAR_TOP_REAR=0.465377,0.1023999,-0.14025
WBCAR_BOTTOM_FRONT=0.4571872,-0.1012419,0.4574448
WBCAR_BOTTOM_REAR=0.6976505,-0.09052292,-0.10722
WBTYRE_TOP=0.1102,0.1492243,-0.1
WBTYRE_BOTTOM=0.0902,-0.09,-0.05
WBCAR_STEER=0.4751944,-0.05279255,0.1797
WBTYRE_STEER=0.0802,-0.055511,0.16117
TOE_OUT=-0.0004
STATIC_CAMBER=-1.85
SPRING_RATE=6000
PROGRESSIVE_SPRING_RATE=0
BUMP_STOP_RATE=200000
BUMPSTOP_UP=0.1
BUMPSTOP_DN=0.2
PACKER_RANGE=0.25
DAMP_BUMP=5500
DAMP_FAST_BUMP=6000
DAMP_FAST_BUMPTHRESHOLD=0.4
DAMP_REBOUND=6500
DAMP_FAST_REBOUND=4000
DAMP_FAST_REBOUNDTHRESHOLD=0.4

[GRAPHICS_OFFSETS]
WHEEL_LF=0.0
SUSP_LF=0.0
WHEEL_RF=0.0
SUSP_RF=0.0
WHEEL_LR=0.0
SUSP_LR=0.0
WHEEL_RR=0.0
SUSP_RR=0.0

[DAMAGE]
MIN_VELOCITY=30
GAIN=0.0
MAX_DAMAGE=0.0
DEBUG_LOG=1

